401.163584804 745.261334134
395.316202653 684.26694359
410.600971121 733.706761736
405.681014067 739.134024763
378.429262592 695.025079499
440.285453784 714.751652181
419.800198554 719.090950168
422.129485653 748.998891889
395.835313694 732.901702142
387.218945798 711.695045404
417.583361839 746.01616974
387.863829647 727.659805506
392.577538886 696.086142498
423.26367625 750.453553121
390.855151901 697.597047109
371.43171011 712.82623696
413.849206415 739.680527023
388.184819188 719.861316459
393.287885319 716.95279632
426.210862726 757.53479661
394.095935334 757.280481453
368.950945947 724.706405278
387.955433774 715.815514824
407.523148932 718.898411576
452.239350342 709.122701113
399.335662435 783.225683004
413.136847562 709.731696455
415.903922856 706.295377787
414.206166263 721.486403324
421.386251518 718.547188606
446.073299872 744.46783279
405.73026656 718.223479784
429.826923144 735.804561776
431.705439503 730.04074173
410.105718377 736.106283175
400.346420905 749.014570549
360.038902882 744.745525359
400.793522874 747.112450174
397.642897122 745.692976183
424.080919765 719.153212797
408.763540978 739.118423534
416.674229536 720.88209954
393.948210306 726.020152762
382.009647927 730.916776186
392.652423148 708.195606109
411.464398054 763.937150274
381.322579362 754.7311276
405.214302811 717.46165698
393.572856984 729.057425413
380.808792376 730.599904941
415.331109281 698.575657942
425.494675989 764.241745764
369.886488953 745.426579395
407.984283951 745.567735691
411.313329519 725.210690553
424.212078866 691.508133452
424.307422009 705.475596746
369.23748468 745.667986917
403.705071528 750.931794339
396.449003218 727.258298642
408.524293956 769.632189888
408.165982294 727.893968951
447.126781676 764.036082007
412.164456505 720.691767627
409.06844613 754.047047247
445.069564539 728.119281543
398.672224215 720.169689904
445.045089281 720.651683985
380.236246427 724.550611931
387.481546179 729.718633675
399.575392021 727.181127837
383.351942329 716.739189793
395.110322056 722.598630281
443.335566361 747.449342848
420.673565539 760.243786436
419.730180032 731.473500076
410.774750277 736.04784841
400.750055474 719.837479762
406.818939371 750.24074852
409.686272612 720.341751527
419.99734362 707.966816404
424.251525764 710.38825198
397.360946055 749.603796669
405.005104652 715.705390432
413.271690909 731.544594368
398.913353674 715.915639285
419.958126607 725.169818653
378.587473035 732.536892442
406.319098402 735.380096454
417.878452273 736.706331751
369.270299319 694.004889214
429.72450264 705.308918905
430.140744353 708.0118134
387.889041148 722.139222467
407.003348829 714.747113043
401.691055355 721.486738684
411.995349715 752.687962671
408.64792342 728.395917189
403.105218533 729.911418144
403.270328822 731.840177869
433.897709808 737.281540745
455.483682471 719.192207974
405.560505707 705.553767226
376.295004759 769.007740033
400.308553548 743.925248716
393.707087396 728.282068957
427.503650045 744.857032818
409.463140862 708.92247808
423.11279322 735.53744315
392.916719211 698.413023284
417.246143889 731.499137479
413.69292964 741.719589754
415.609524113 723.054588089
394.540543172 749.342885491
738.226438864 944.961396195
735.764239366 924.414767579
733.643199183 914.520795518
724.653955209 906.354818584
779.156552217 913.174493117
716.834473902 931.425940396
750.355946567 948.777391845
710.732113593 944.116803912
751.264256658 901.726070034
744.621249273 919.191595145
779.87507103 925.165902021
763.96580442 866.136776222
744.8770179 916.101078327
754.246282573 927.605513735
744.367706903 918.328203889
774.659284149 922.624514527
686.508383359 915.20297437
748.708991336 913.601977662
782.757275311 940.436693861
723.864756859 909.060400456
715.147112402 911.666223294
708.11927445 918.908040685
759.025214672 924.418792413
748.768772484 931.258100618
764.743837284 926.502536708
771.593515775 905.85373212
702.086028421 958.154915463
764.261720482 932.377965089
769.767447762 934.005396833
749.844608141 903.736185461
743.767863471 933.184175992
746.72364553 914.216030001
771.816472315 917.342045565
739.491322498 889.87806329
730.942344374 934.21002294
723.464525858 938.82479845
738.462589865 918.920376108
745.762411265 913.148078414
747.851097635 889.636211745
745.718077477 929.209979585
737.435197819 896.090507687
725.332835709 871.852198003
728.774712308 944.920214008
742.283888897 911.146218921
732.347230493 909.388475005
732.135405783 877.889670509
775.056609835 926.407096645
691.195595583 955.477003523
716.972565526 926.798277957
720.701431636 944.230977062
748.127015651 940.533972317
768.437675244 912.305574347
730.309307739 899.99062315
724.23936729 958.531273834
720.197198811 910.226367646
785.387411749 940.232052985
722.814526063 927.745027347
740.049328225 915.202284594
734.045311527 919.42877267
753.505824258 937.046602837
747.137542676 952.660182591
724.691370371 929.659879561
738.364945933 902.325751857
757.489094821 893.518684078
768.475771431 959.249851144
703.609905538 941.410731413
772.264292842 897.031642592
741.580579652 893.095536373
709.320176988 929.029325105
763.735258089 933.262359227
743.007238363 905.260172327
721.411715978 950.244732145
731.338069973 921.415100714
734.014395935 935.10224572
755.809879374 950.260244647
731.828696927 918.538606816
759.634485654 916.051803031
731.69768463 952.655434078
715.796347445 916.599763688
725.58694485 943.544524904
754.061871958 924.363113762
757.752231342 919.010309495
745.698378371 932.696098977
755.88469864 914.124993542
730.847367679 930.335976262
735.118580584 922.708203502
734.150260005 933.796968417
711.156781935 905.243184766
766.036016225 925.469784098
750.440075975 918.844461367
729.458360439 913.026209834
743.367589645 921.037344903
750.542882638 910.239023059
745.041602522 882.639466129
746.684789567 953.504118349
756.696478108 910.526408163
770.53605908 900.272812879
735.31139168 929.012955324
747.47584493 907.268354074
729.72493574 902.199596276
743.927590921 925.289246135
748.973299132 909.292633007
747.360787297 894.136203749
738.065030458 878.796776493
721.909873724 921.352334162
758.811921024 910.019788535
775.39907108 936.862706173
743.247213852 918.743301452
717.991296937 937.620971143
743.526983655 875.549485596
787.325198717 909.851128536
759.434073533 912.677707594
780.317105152 922.137785799
766.826876591 922.825851341
749.39115865 899.233239337
752.551957466 938.365482088
768.248227803 944.643661311
768.015673391 914.506529383
771.106021924 932.058394228
718.187375954 920.834358152
740.76472041 916.914253015
747.38235067 907.822086315
762.286310569 939.06289651
706.318461142 887.21147842
746.536606468 937.096306354
771.905001941 939.117485655
722.059036265 919.507893602
733.900979234 909.088329324
760.967581733 949.178348369
769.849195782 933.035034513
724.147116779 903.469754119
751.558626608 888.003804
739.91735802 918.942982431
754.668579949 919.356336438
751.418014573 907.191216647
767.366995079 895.669152625
737.370110542 174.778300452
764.632301767 177.541436422
722.589711801 138.909612489
757.427522011 160.243060768
757.769351382 154.463103087
701.978944931 139.239238667
763.593801241 154.813743858
758.975290621 166.184603265
713.728949523 150.678873372
787.242487165 184.036978002
745.382455249 156.98993548
768.530336927 151.406175717
734.935365348 161.205236259
737.810984418 151.849135088
770.904962436 149.44000874
750.25652831 169.171809139
723.467149386 132.090432481
775.896025372 163.368770668
783.594190179 207.245694492
777.094275979 132.273766445
727.592799021 197.265985482
763.130323271 182.846678732
750.881326658 186.896287961
773.069572157 168.728870026
758.759139291 153.892732431
747.415263981 187.058465896
766.948796034 163.143816544
729.541657628 166.920081921
765.854462246 170.214992517
773.174260112 167.70766461
738.929411724 126.923343669
728.274271765 176.321278247
729.492629162 163.253577708
787.645597191 194.820367276
757.404597199 219.224507211
747.620002463 188.699907529
734.143561777 156.333254944
765.013490657 199.815211337
735.728382589 199.519324686
714.231804437 189.366543014
758.589531583 147.063994067
733.933847874 222.235925031
768.695668433 208.619942233
766.437711044 142.449521568
770.856230719 192.074650806
761.141291014 161.122539796
742.192045502 143.318845071
749.884105185 133.319682028
748.029242564 151.823442356
760.697294698 211.309917435
753.918943413 141.260557636
762.648860731 195.539031122
739.023624863 169.508293912
744.088533408 133.730721546
744.65528492 178.05679733
755.763728534 172.38458775
728.249910014 197.838347028
747.819533972 140.937711527
719.238029307 170.849511181
783.206796809 153.369786917
758.69137593 177.46963322
715.245010953 201.510947194
744.358744723 162.428647779
759.190803623 165.400837165
727.273299415 192.809057267
743.221713078 190.047433991
769.605538725 159.468951285
747.072167017 157.568364524
768.914382637 175.694117404
744.971315275 174.530601065
776.875833533 188.045736813
737.242834979 149.47054259
762.938336917 170.785554043
757.751130762 192.709961726
752.309083387 196.430461353
729.373442888 169.503088031
724.383968552 146.919048388
759.731889069 162.069331917
747.521681912 138.456247987
737.759706032 170.454821828
756.058941958 139.585132523
757.56088158 176.864703495
755.00612168 163.202099727
766.192628252 134.943414324
754.577267093 157.485101453
743.771649631 183.057570492
737.252403079 158.04181207
762.081244184 170.579923562
758.536104904 184.491253091
738.409291085 162.718524596
754.313086408 169.405522934
779.552235932 152.635341039
735.385763733 189.259820554
745.026052992 194.510126193
728.511412167 204.484794112
746.143026346 186.087637863
722.633662308 178.523791991
721.513661766 195.581552099
743.136845669 142.161638198
759.196586352 115.627872525
742.553214643 161.550991374
742.320334864 176.084326637
710.12157697 165.48909529
749.4761365 197.39029372
738.869801513 177.289265207
752.522419822 160.478803157
751.323081632 138.9383276
745.301234748 180.496307552
735.519612755 204.140675531
746.398255207 149.38626229
736.221872947 204.134427537
745.152029534 152.702376604
765.270262905 157.441129878
726.731601989 186.574258441
704.361818424 175.356552233
697.340142888 199.701594073
766.224496519 137.698175717
719.258426781 156.411030925
742.630746841 197.90044129
724.737630381 172.958192582
753.47126102 146.988756698
742.431112191 168.527615849
691.061191796 168.386448619
747.381595095 204.210399944
340.281191019 901.586107166
306.734286751 935.731920181
315.923230807 894.427492813
297.567220762 882.517337625
309.475781958 880.853109821
327.147582746 920.737211094
301.387763357 905.12774318
347.691498715 888.591885246
300.683688967 903.9800608
368.392081887 900.878805699
292.396594651 914.858858215
376.967318378 856.306636369
323.804382681 877.539803705
307.831073177 903.70872826
323.385426391 881.538333674
301.319643819 886.149119507
322.050020883 884.245698206
345.407405533 868.77752067
349.609019977 843.70250291
332.673669491 922.897250699
344.908214638 896.563538875
368.564919869 914.030547001
360.397104363 868.033093858
343.95524816 891.201094385
324.805477243 884.646919532
351.737335963 926.28672243
342.008708145 882.48450793
304.888620043 899.734911012
355.265075416 889.041099348
325.773917563 900.667024312
335.863885741 906.031422076
310.647653284 883.527428348
312.894752955 901.215036
338.175626835 929.98916945
295.381898513 878.040302397
298.523131932 895.622596174
306.252070946 918.851480136
278.749188547 907.879098173
331.1920083 908.156639897
332.118747579 887.657819128
314.010224505 891.077363781
280.266477149 905.111883838
306.649481357 892.105010774
304.873371706 865.380913347
320.189940628 893.719556936
345.460326274 871.001136497
312.984531861 894.467790582
345.383953735 891.741359304
321.167843346 902.774258293
323.111134073 868.442630588
338.541414511 883.206110693
322.087609951 902.134907707
310.564746515 877.364015271
339.647390194 908.686720789
320.023602947 904.049445758
307.372367403 859.111394041
275.059149168 903.663840428
280.371849364 861.221624206
308.727266972 898.602782095
315.713240122 859.125589038
314.662109621 902.891279458
339.970546628 928.927504899
332.118751828 921.309494881
300.802985876 919.399304256
321.440465486 903.767135999
341.052090534 880.64377448
319.925959097 880.235343212
339.571065568 914.431127956
346.244017436 896.682373903
341.051974572 895.278515505
315.435095746 871.949805822
321.914367807 923.520802552
309.039476784 841.207515021
300.136824915 880.435989737
358.180099915 900.868378204
335.61066311 895.405803344
294.589231867 894.638543914
304.276384708 866.035967598
293.920638836 872.403253185
314.827981381 867.25357069
337.600808169 888.123189037
306.946466358 883.246843899
316.768304692 895.742334273
293.86297607 923.973979181
345.073215693 875.014584247
326.265584858 927.955251233
314.387739926 879.065076669
323.868326905 917.525862658
309.688397197 878.681886832
330.45825118 885.181813164
331.265456694 872.833496215
347.297900634 889.793872283
329.797671223 889.454662365
319.678776483 888.14569055
355.712893213 877.823701855
318.720252139 875.602663435
331.661293487 879.385873014
292.406436819 920.749278145
317.645652677 899.729657634
320.365242775 900.427949162
358.743960723 887.992707816
339.37954976 892.484893259
334.297458839 921.219420098
309.935630431 894.959242493
310.241724031 879.155290021
325.921794596 917.112172697
298.912891907 894.198352166
285.588620564 889.115141749
306.570732022 888.449365002
327.581297052 921.606815317
311.953920265 879.055605506
312.691032198 873.340909621
330.896070666 892.61560019
267.415768893 919.163182362
323.198092644 889.045487035
317.565897701 875.011353444
283.352048133 907.40462701
334.429717306 905.871378069
325.48238506 895.907973901
315.353125571 885.615899749
305.717798282 889.103306537
323.921643941 899.493780924
298.200190126 907.739603714
335.758749071 923.971607225
296.872490955 881.197462935
341.395413785 893.042202233
